,acc_overall
0,31.62
